23435
37985
23527
8383
18588
38595
61585
48277
59183
8028
8560
16307
48573
68876
21877
5116
61101
75606
58525
66645
48798
44528
57268
26845
57910
46541
64681
75468
62207
6839
64669
43023
21768
563
69335
44131
72224
13829
39613
40430
10225
692
31311
58358
14194
63252
36881
30590
58415
36726
79065
32003
54098
71402
60056
4819
602
66631
10138
3860
33845
23511
52924
64079
79321
24566
25644
46188
65455
77740
77025
32760
9801
18596
69793
22708
42628
63239
5251
19304
76636
49199
73984
50591
51159
71296
56366
10471
22091
28275
59123
73406
50770
78505
20957
6289
268
1000
69132
71517
71249
49556
36545
74113
60472
14520
28046
79936
36109
42336
64550
6342
76170
23751
7756
24673
67375
43911
19276
12423
78517
16941
25374
76189
27099
39916
50075
14918
11502
5009
53818
43242
18681
52956
54442
34208
14249
51489
26005
38848
77453
10490
14727
69402
35081
22598
40493
11407
24624
3691
45933
1388
77221
38764
10706
41494
53146
55053
53986
53465
16027
71121
68886
65587
72828
54778
3946
37078
53536
77088
7158
52922
26901
19543
50643
62474
18993
49005
14739
3022
36598
33848
3830
15818
21448
28592
72694
77122
1546
9431
66005
5764
11818
41470
26028
52118
62466
55746
34738
4376
