23
9
11
15
-15
17
-10
9
2
-22
-12
-4
12
12
18
-18
18
0
12
18
-25
18
17
-16
16
8
12
-21
6
5
-22
-2
-11
-9
23
-2
10
14
18
-16
1
18
2
-18
-20
3
-24
3
-20
-16
-24
-6
-14
-20
0
0
21
-5
-10
20
-23
-1
23
-14
12
20
-10
-6
-8
4
-18
-22
13
-22
0
-23
1
-18
23
-14
18
-1
-16
-18
-7
8
2
11
16
21
8
9
-1
11
-23
-9
-22
3
-16
-18
15
19
-20
-5
8
-25
8
-14
-1
-13
-3
-15
3
16
-14
9
-20
-7
21
16
-10
4
11
-10
-12
-25
12
-3
18
1
12
14
-10
-16
-18
4
22
9
13
15
3
-24
-18
-5
-2
14
20
-20
11
20
-25
-23
1
-2
2
9
10
-3
1
-18
1
-16
16
21
7
19
-19
-13
6
11
15
23
-7
-23
12
-3
5
-21
8
-25
-23
18
6
20
22
-13
-1
9
-14
3
13
8
-11
-20
23
6
-15
-12
-8
-11
