325 155 200 248 311 69 15
478 198 321 487 54 14 18
489 224 79 287 254 125 20
287 69 198 165 200 98 16
385 245 95 198 212 74 17
498 94 265 248 257 159 24
212 165 123 236 301 111 23
399 138 186 301 246 94 20
298 94 148 297 295 168 14
246 138 195 115 274 132 12
315 198 175 165 261 112 14
324 169 168 187 198 77 16
498 194 138 149 195 92 18
125 167 219 248 164 173 14
269 294 284 268 183 182 16
399 287 261 203 173 94 24
219 305 238 406 194 106 16
198 263 196 215 211 69 15
268 94 183 269 193 173 16
99 310 194 249 175 159 22
